image: ./BA00_Drawn.png
resolution: 0.0496375
origin: [0.0000000,0.0000000, 0.0000000]
negate: 0
occupied_thresh: 0.45
free_thresh: 0.196
