image: ./BA00_fill_scaled.png
resolution: 0.050000
origin: [-29.25,-33.750, 0.0000000]
negate: 0
occupied_thresh: 0.65
free_thresh: 0.196
